txprefix:data/tx/cs1_1/
txsig:mapping_11_fac0.977514362839377426439568807837_mod_l67060_p1000_lf1843_nf1.dat
txat:0.005712;0.010158;0.018064;0.032123;0.057123;0.101580;0.180638;0.321225;0.571228
tsine:4
tsig:0
rxprefix:data/rx/04-16-13-1_1/
txip:128.4.12.72
txport:9001
rxip:128.4.12.15
rxport:9002